   8.0269573e-02
   3.2008961e-01
   6.6854646e-03
  -2.8732767e+00
   8.3394618e-04
  -4.6172567e-04
  -1.1185790e-03
  -6.6149094e-04
  -3.1529843e-03
  -1.7821888e-03
   2.8569255e-05
   1.5247098e+02
   3.0932954e+00
   8.4564946e-04
  -3.0670684e-01
   8.1294959e-01
   3.1550096e+00
  -1.8463403e-05
  -3.2676193e+00
   3.2676389e+00
  -3.6961838e+00
  -3.8700702e+00
   4.5412782e-01
   2.9892819e-05
   1.4131646e+02
   6.0243516e+00
   9.3276215e-02
  -4.5901585e-02
   1.3511444e+00
  -1.6446883e+00
  -8.8102293e-01
  -4.3469391e-01
   4.1486479e+00
   1.7669171e+00
   1.9409242e+00
   4.1717054e+00
   2.7808501e-05
   1.4309619e+02
   2.1315334e+01
   9.0685001e-02
   4.5954314e-02
  -9.8572118e-02
   1.6845498e+00
  -2.5582045e+00
   2.0443528e+00
   1.6696665e+00
  -8.5381076e-01
  -1.8193280e+00
   2.5178385e+00
   4.4191098e-05
   1.6177850e+02
   1.0619846e+01
   5.1319085e-02
   7.1882847e-02
  -3.9275289e-01
  -2.7941511e-01
  -2.2433174e+00
  -1.5149395e+00
   1.3547780e+00
   3.0797757e+00
  -1.0222305e+00
   2.3603790e+00
   1.0202715e-05
   4.8011257e+01
   7.7466043e+00
   5.0860408e-02
  -7.1982184e-02
  -1.5667286e-01
   3.1388369e-01
  -8.5042706e-02
  -2.8710281e-01
   1.2690924e-01
  -3.5252612e-02
   2.8400863e+00
   2.8024739e+00
   1.5571574e-05
   5.0888001e+01
   5.5698380e+00
   8.1325842e-02
   4.6775714e-02
   4.2410004e-02
   1.7279785e-01
  -4.3208813e-01
   4.7617072e-01
   5.9075389e-01
  -2.8715875e+00
  -3.0567222e-01
   1.2102033e+00
   1.3389998e-05
   5.9433118e+01
   5.5189732e+00
