   7.1962600e+00
   2.5169300e-01
  -4.9893100e-01
   1.7042700e-02
   0.0000000e+00
   1.4054850e-02
  -1.3565672e-03
   1.2953797e-02
   5.0998183e-04
  -2.6388497e-03
   2.2070826e-05
   9.8858861e+01
   8.5598216e+01
   5.9867600e+00
   7.2954000e-02
   8.8211400e-02
  -4.1322600e-02
   3.8967529e-05
   5.5996855e+00
  -5.5997668e+00
   1.1743823e+01
  -5.0366965e+00
  -2.5556348e+00
   4.2661244e-05
   8.8603833e+01
   7.3122518e+01
   4.2379500e+00
   7.7603500e-02
  -4.5275700e-01
   3.0446800e-02
  -3.7961964e-01
   3.4357697e+00
  -5.2199977e+00
  -1.4860689e-01
  -1.7273803e+00
  -3.7551583e+00
   2.0480444e-05
   1.0772475e+02
   9.0219119e+01
   2.9314500e+00
   8.4322600e-02
  -8.8236700e-02
   8.6786900e-02
  -1.0623167e+00
  -2.6840331e+00
   8.9977230e-01
  -7.3244697e-01
  -2.3429134e+00
  -4.3092911e+00
   3.7345938e-05
   9.2159150e+01
   8.3266166e+01
   2.0062000e+00
   4.5252900e-02
  -1.8233800e-01
   7.4125000e-03
   2.2251477e+00
   1.6054934e+00
  -2.3876982e+00
  -1.5299035e+00
   2.6391449e+00
   1.9697883e+00
   1.1926127e-05
   3.4488865e+01
   3.2090522e+01
   2.0062000e+00
   4.7004000e-02
  -1.3802700e-01
  -6.6841000e-02
  -1.6603801e+00
  -5.9896348e-01
  -1.8319446e-01
   3.7258715e-01
   2.5831826e+00
   1.6147452e+00
   1.9133740e-05
   3.4455395e+01
   2.8970762e+01
   2.0821300e+00
  -1.9363600e-04
   3.6616500e-02
   3.0213000e-01
  -8.5864516e-01
  -9.8365722e-01
  -1.5535549e+00
  -1.9754681e+00
  -1.5917389e+00
   1.1668358e+00
   1.6350967e-05
   3.7928685e+01
   3.5931531e+01
