  -2.0604372e-04
   4.3932426e-01
   7.7770873e-04
  -3.5579891e+00
  -6.1027447e-03
   1.2112164e-03
   8.3971188e-04
   1.2508346e-04
   1.9234570e-05
   5.6211267e-05
   2.8763140e-05
   8.9436482e+01
   7.8749507e+01
  -3.6634608e-03
  -4.3920461e-01
   1.6190441e-01
   4.2786063e+00
  -3.5083435e-06
  -1.4305891e+00
   1.4306045e+00
  -4.3283845e+00
  -9.7959230e+00
  -1.7387632e+00
   4.0199254e-05
   9.0532101e+01
   7.4379136e+01
   1.0200795e-01
  -1.8781911e-01
   7.7640687e-01
  -2.1495654e+00
   9.0588048e-01
   1.3347905e+00
   5.2472354e-01
   4.7558688e+00
  -4.2327491e-01
   1.9661236e+00
   3.1315915e-05
   1.0462588e+02
   8.7613343e+01
   9.5977389e-02
   1.8781767e-01
  -3.1381102e-01
   1.7300609e+00
  -3.0800046e+00
   4.0901629e-01
   1.4505330e+00
  -1.7484107e+00
  -3.3188559e+00
   1.5909616e+00
   4.5973340e-05
   1.0110808e+02
   9.1503290e+01
   6.0926621e-02
   1.2362838e-01
  -5.8729199e-01
  -4.2683038e-01
  -3.0878104e+00
  -1.2400716e+00
   1.4583122e+00
   2.2804476e+00
   5.9538668e-01
   2.3468500e+00
   8.5306727e-06
   3.5444108e+01
   3.3097989e+01
   6.2797369e-02
  -1.2360164e-01
  -1.9387399e-01
   4.7105343e-01
  -5.2670025e-01
  -9.3971988e-02
   3.1218511e-01
   5.4860943e-02
   3.4196234e+00
   2.4612056e+00
   1.6206911e-05
   3.5358347e+01
   2.9893419e+01
   9.1188028e-02
   1.4734506e-01
   5.6590119e-02
   1.1571807e-01
  -9.4885022e-01
   7.3628936e-01
  -2.9663637e-01
  -2.7337924e+00
  -1.1766035e+00
   1.7316359e+00
   1.6347038e-05
   3.9661708e+01
   3.7670282e+01
